00000011101010101010101010100000
00010011101010101010101010001111
10001111101010101010101010001111
10101111101010101010101010001111
00110001101010100010101010001111
00100011101010101010101010001111
00001111101010101010101010001111
01100111101010101010101010001111
01010111101010101010101010001111
00000011101010101010101010001111
00000011101010101010101010100000
00010011101010101010101010001111
10001111101010101010101010001111
10101111101010101010101010001111
00110011101010101010101010001111
00100011101010101010101010001111
00001111101010101010101010001111
01100111101010101010101010001111
01010111101010101010101010001111
00000011101010101010101010001111
00000011101010101010101010100000
00010011101010101010101010001111
10001111101010101010101010001111
10100100100100001101001111101010
10101111101010101010101010001111
00110011101010101010101010001111
00100011101010101010101010001111
00001111101010101010101010001111
01100111101010101010101010001111
01010111101010101010101010001111
00000011101010101010101010001111
00000011101010101010101010100000
00010011101010101010101010001111
10001111101010101010101010001111
10101111101010101010101010001111
00110011101010101010101010001111
00100011101010101010101010001111
00001111101010101010101010001111
01100111101010101010101010001111
01010111101010101010101010001111
00000011101010101010101010001111