00000000000000000000000000000000
10100000111110101010101010101000
00101111011001111010101010101010
01011000111110010101001001010100
11111010010010010000101111101010
10100101101000101001001011101001
01010101010110010101011011100111
10000111100000101000000000011110
10100000101111000111110000111100
01010101010010010101011111100111
00000000110100000000000000000000
00001111001010101010101010101000
11110110011101011010101010101010
10001111100101010101001001010100
10100100100101010000101111101010
01011010001101101001001011101001
01010101100101110101011011100111
10000111100101000000000000011110
00001011110101100111110000111100
01010101100011010101011111100111
00000000000010100000000000000000
00001111101010010110101010101000
11110110011110010110101010101010
10001111100101101001001001010100
10100100100100101000101111101010
01011010001010101001001011101001
01010101100101010101011011100111
10000111100000000010100000011110
00001011110001111010110000111100
01010101100101010101011111100111
11110110011110101101001010101010
10100100100100101000101111101010

