10010101001010101010101010001111
10001111101010101010101010001111
10100101010101010110101010001111
10001111101010101010101010001111
10010010010010101010011010001111
10001111101010101010101010001111
10001111101010101010101010001111
11010100101101001001001010001111
10001111101010101010110100100111
10010101001010101010101010001111
10001111101010101010101010001111
10100101010101010110101010001111
10001111101010101010101010001111
10010010010010101010011010001111
10100100100100001101001111101010
10001111101010101010101010001111
10001111101010101010101010001111
11010100101101001001001010001111
10001111101010101010110100100111
10010101001010101010101010001111
10001111101010101010101010001111
10100101010101010110101010001111
10001111101010101010101010001111
10010010010010101010011010001111
10001111101010101010101010001111
10001111101010101010101010001111
11010100101101001001001010001111
10001111101010101010110100100111
10010101001010101010101010001111
10001111101010101010101010001111
10100101010101010110101010001111
10001111101010101010101010001111
10010010010010101010011010001111
10001111101010101010101010001111
10001111101010101010101010001111
11010100101101001001001010001111
10001111101010101010110100100111
10010101001010101010101010001111
10001111101010101010101010001111
10100101010101010110101010001111
10001111101010101010101010001111
10010010010010101010011010001111
10001111101010101010101010001111
10001111101010101010101010001111
11010100101101001001001010001111
10001111101010101010110100100111